-0.034123 0.17369 -0.033888
-0.059673 0.14968 0.0086265
0.00086561 0.082125 -0.015338
-0.023273 0.15002 -0.0040763
-0.082073 0.058325 -0.026464
-0.071612 0.061475 -0.033537
0.028527 0.062665 -0.028288
0.061059 0.085275 0.011612
-0.078223 0.067691 -0.019187
-0.031673 0.12273 -0.014303
0.00052701 0.097703 -0.0006375
-0.018407 0.085625 0.010913
0.034477 0.0843 0.0070625
-0.075073 0.14688 -0.01514
-0.027148 0.096125 -0.025837
-0.057266 0.15441 -0.00097148
0.026427 0.067775 -0.046781
-0.049873 0.090101 -0.020237
-0.040517 0.1417 -0.0015298
0.012777 0.14338 -0.003787
-0.079273 0.065729 -0.017788
-0.065281 0.063575 0.034013
-0.002973 0.19237 -0.031048
-0.053487 0.15617 0.0045637
-0.050223 0.14241 -0.028288
0.065977 0.065809 -0.011137
0.083127 0.090875 0.01166
0.046301 0.078625 -0.015688
-0.045323 0.16193 -0.034223
-0.071177 0.16379 -0.0051354
0.049877 0.15598 -0.021175
-0.048473 0.15038 -0.030166
-0.0033838 0.094725 0.0021625
0.090127 0.14148 -0.0086875
-0.041823 0.1753 -0.026537
0.050927 0.13688 -0.032137
0.011727 0.15412 -0.025138
0.01804 0.086325 -0.029687
-0.080673 0.16157 -0.018467
0.075427 0.075825 0.022779
0.056761 0.11363 -0.0062375
0.053962 0.14793 -0.022337
0.085227 0.12693 -0.011139
0.070527 0.073375 0.00032672
-0.099923 0.14092 -0.005754
-0.097473 0.14863 -0.0027777
-0.010673 0.057983 0.014412
-0.087673 0.16612 -0.014718
-0.051973 0.11789 0.0056625
-0.052323 0.14338 -0.028396
0.035527 0.14092 -0.034946
-0.016499 0.13112 -0.017087
-0.028523 0.081425 0.010911
-0.038676 0.10908 -0.014637
0.032377 0.074063 0.026312
-0.028173 0.097516 -0.0027375
0.057227 0.10314 -0.017087
-0.067373 0.070924 0.020362
0.030151 0.074775 0.017212
0.040051 0.074322 0.013378
-0.027473 0.054475 -0.021711
-0.056407 0.14489 -0.020234
-0.082764 0.074425 0.0081125
-0.075423 0.15211 0.0021625
-0.027123 0.14163 -0.008605
0.046592 0.099275 0.025263
0.015577 0.082475 -0.0092224
-0.058973 0.072325 0.039783
0.026777 0.10314 -0.0083375
-0.030315 0.096778 -0.0078629
-0.054773 0.16123 0.007046
-0.036223 0.096125 -0.014032
-0.092573 0.1636 -0.010438
-0.009273 0.18718 -0.030038
0.035256 0.11973 0.0065664
0.048127 0.054475 -0.0047833
-0.046067 0.057045 -0.0010768
0.0088002 0.061824 0.009519
0.017325 0.092975 -0.023738
-0.082773 0.16578 0.013387
-0.067579 0.067775 0.017913
0.0025418 0.15423 -0.019887
-0.049873 0.12483 0.0035723
0.076827 0.12415 -0.017087
-0.056796 0.13253 -0.020938
-0.067373 0.094725 -0.027467
-0.032373 0.094365 6.2503e-05
-0.099573 0.17347 -0.0065673
-0.10202 0.15875 0.011612
-0.066323 0.15072 -0.021316
0.032377 0.12273 -0.026888
0.093627 0.13778 -0.011742
0.071577 0.062189 -0.0090375
0.030627 0.087704 0.0084625
0.005077 0.10662 -0.030261
-0.044273 0.18349 -0.035638
-0.007873 0.068475 -0.0019146
0.018268 0.072753 -0.038399
0.028709 0.12937 -0.029687
-0.011373 0.10873 0.0015178
0.071696 0.054125 -0.0069375
-0.021523 0.16753 -0.0062011
-0.051244 0.097175 0.010212
0.014877 0.064975 0.0091523
0.027827 0.053927 -0.0076375
-0.073323 0.070925 -0.020646
0.04707 0.080375 -0.030738
-0.032023 0.081236 0.016162
-0.021873 0.056225 0.025842
0.032377 0.084781 0.021763
-0.037973 0.12587 -0.0015929
0.005777 0.11398 -0.033085
-0.0010524 0.12762 -0.033888
-0.028712 0.16332 -0.026537
-0.038893 0.16053 -0.038088
0.063037 0.088459 0.0039249
-0.015573 0.073334 -0.028987
0.073327 0.078975 -0.0014226
0.027477 0.087262 0.0088125
0.07069 0.071275 -0.0044875
-0.041823 0.10559 -0.014637
-0.021523 0.073025 0.011248
0.0064515 0.15702 -0.019187
0.0599 0.067075 -0.018138
0.021848 0.083875 0.0084625
0.050927 0.1013 -0.0076375
-0.002273 0.15072 -0.021705
-0.029573 0.053511 0.0046125
-0.021523 0.18293 -0.028246
-0.067673 0.067075 0.019662
-0.057028 0.14155 -0.023986
0.039377 0.075125 -0.033277
-0.002623 0.10802 -0.034146
0.031677 0.05383 0.0074125
-0.016973 0.086675 0.010752
-0.081023 0.15198 0.0049625
-0.050573 0.11117 0.0062165
0.033427 0.055356 0.024563
-0.023183 0.14858 -0.0098169
-0.078709 0.15072 0.0084412
-0.083473 0.071494 -0.011838
0.057227 0.057975 0.022067
0.035527 0.063225 -0.048673
-0.065268 0.054825 0.029812
-0.094323 0.14863 -0.0044883
-0.02304 0.14583 -0.016737
-0.090823 0.17417 -0.0051883
-0.024673 0.18293 -0.019693
-0.018373 0.068125 -0.028253
-0.056173 0.12973 -0.00014342
-0.036573 0.14835 0.0011125
-0.066654 0.16962 0.0088125
-0.014691 0.060075 -0.016387
-0.038673 0.1934 -0.022337
-0.028532 0.1208 -0.017134
-0.053124 0.14368 -0.017843
0.02147 0.063225 0.020362
-0.064223 0.054918 0.0063625
-0.065106 0.059375 -0.019887
-0.043902 0.11117 -0.0027375
0.016977 0.066025 0.0068198
0.037615 0.074264 0.012971
0.042877 0.071642 0.017563
0.073669 0.066725 -0.0030875
0.001927 0.13148 -0.03428
-0.065682 0.17208 -0.024088
0.039781 0.078296 0.014781
0.054777 0.14476 -0.012538
-0.078674 0.17663 -0.0002875
-0.060023 0.055175 0.0083313
0.053002 0.15002 -0.022337
0.017677 0.12937 -0.0054037
-0.066673 0.16612 -0.023501
0.034477 0.057977 -0.043687
0.031327 0.086513 0.0070625
-0.040073 0.060361 -0.039488
0.058977 0.068518 -0.013588
0.024327 0.10485 -0.021988
0.051277 0.07598 -0.024788
0.044253 0.057464 8.2336e-05
0.044277 0.070997 0.018963
0.037277 0.057627 -0.043687
-0.056523 0.17488 0.0052166
-0.079273 0.096812 0.0095125
0.009277 0.063068 0.018263
-0.047423 0.05658 0.027012
-0.071213 0.084575 -0.030738
-0.030738 0.13217 -0.0069375
-0.026986 0.077225 0.011262
-0.083208 0.10278 -0.0013375
0.034531 0.090525 0.023162
-0.066673 0.060412 0.022462
0.060377 0.063925 0.024962
0.037627 0.10138 -0.034415
0.086977 0.12859 -0.011137
-0.032723 0.11853 -0.018424
-0.038673 0.072268 -0.029687
-0.071573 0.082068 -0.029687
-0.059673 0.16601 0.0098625
-0.024054 0.10487 -0.0065875
0.02158 0.061825 0.022113
-0.055823 0.076164 0.033313
0.047489 0.053075 -0.012538
0.014882 0.090165 -0.015164
-0.053723 0.10977 -0.023387
-0.019073 0.15213 -0.011132
-0.025848 0.12698 -0.02136
-0.024933 0.14612 -0.010223
-0.013473 0.16057 -0.011688
-0.034123 0.12249 -0.021638
0.052837 0.065675 -0.029687
-0.014954 0.12829 -0.012379
0.092927 0.1489 -0.0076375
-0.029923 0.17908 -0.018153
-0.066323 0.153 0.0011125
0.065977 0.10768 -0.010974
-0.039023 0.097525 -0.011289
0.032377 0.054806 0.0091625
-0.082073 0.17421 0.010563
0.0073955 0.060062 0.0055598
0.011542 0.065325 0.0088125
-0.077173 0.17033 -0.0082621
0.002277 0.14233 -0.0054283
0.041827 0.12623 -0.0018821
0.049527 0.062859 -0.032137
0.0078494 0.10172 -0.022337
-0.035173 0.13357 -0.0027339
0.011727 0.15702 -0.019188
-0.039723 0.091467 0.0070625
-0.054841 0.14491 -0.021201
-0.027473 0.054821 -0.036687
-0.029573 0.12202 -0.019749
-0.085794 0.15084 -0.0050529
0.011377 0.063225 0.025425
-0.047073 0.10849 0.0014625
-0.054913 0.15634 0.0031855
-0.010323 0.06331 -0.0048375
0.054077 0.1371 -0.0062375
-0.099223 0.14973 0.015112
0.063337 0.066025 -0.013588
0.079277 0.13007 -0.01021
-0.027473 0.056925 -0.024442
0.017333 0.077225 0.0063625
0.080442 0.11223 -0.0055375
-0.068073 0.14267 -0.016215
-0.054773 0.12726 0.0021625
0.021527 0.071625 -0.031748
0.035141 0.064975 -0.044038
0.038293 0.095435 -0.0032687
-0.087323 0.14051 -0.0002875
0.072277 0.055524 -0.0037875
-0.052673 0.09321 0.018263
0.014842 0.077276 -0.0013388
0.070527 0.12308 -0.006836
-0.017323 0.12135 -0.021638
-0.050223 0.17797 -0.035638
-0.058273 0.17033 0.0041834
-0.081005 0.069175 -0.027588
0.011184 0.15877 -0.020588
-0.0401 0.11607 -0.021638
-0.071551 0.12133 -0.0055375
-0.057577 0.14513 -0.0058875
-0.085573 0.1772 0.0084625
0.039887 0.07841 0.014838
-0.10272 0.15843 0.0083268
-0.041473 0.067775 0.025565
0.049877 0.096857 -0.026537
-0.032373 0.057624 0.020712
-0.052673 0.066482 -0.035987
0.056415 0.14477 -0.022687
-0.02655 0.16228 -0.042987
-0.041823 0.12223 0.00041251
0.022577 0.063204 0.017913
0.028527 0.053932 -0.0041375
0.003327 0.099975 -0.028425
-0.034565 0.056876 -0.0078106
-0.025448 0.10157 -0.0044162
-0.030973 0.057275 -0.025894
-0.071318 0.17067 -0.018138
-0.043923 0.094725 0.0031847
-0.034123 0.094307 -0.0051875
-0.02942 0.16018 -0.029337
0.046783 0.15177 -0.014637
0.087327 0.14267 -0.013694
-0.00087298 0.13812 -0.0043978
-0.032723 0.16892 -0.040197
0.016277 0.14652 -0.0043162
0.030082 0.075825 0.020712
0.044977 0.14579 -0.031788
-0.088051 0.17154 0.004209
-0.056173 0.053359 0.025962
-0.034123 0.14319 -0.0027375
0.008528 0.062822 0.0033886
0.063527 0.12062 -0.019479
-0.053373 0.1439 -0.010087
-0.040044 0.18083 -0.035987
0.082411 0.14372 -0.014287
-0.024694 0.11971 -0.015788
-0.036228 0.18748 -0.020237
0.018377 0.064528 0.010913
-0.067723 0.12518 -0.010645
-0.025151 0.054475 0.010212
-0.013123 0.087375 0.0086845
0.013564 0.084925 -0.020237
-0.00087298 0.12617 -0.034237
-0.049686 0.17872 -0.035287
0.041827 0.11188 -0.0016413
0.077877 0.11386 -0.011838
-0.018373 0.072746 0.017913
0.016977 0.091219 -0.012188
-0.085573 0.068314 -0.028288
-0.014523 0.12203 -0.0058875
-0.026073 0.053397 0.021413
-0.092959 0.16855 -0.00037478
0.070527 0.10908 -0.013898
-0.025723 0.10312 -0.021692
0.041823 0.098611 0.012777
0.036937 0.068125 0.022113
0.006042 0.093675 -0.014637
0.032377 0.098575 -0.034386
0.058022 0.13603 -0.026537
0.067389 0.11678 -0.0041375
0.019077 0.12239 -0.026187
0.062567 0.13987 -0.019887
0.017194 0.059025 -0.0097375
-0.02387 0.15388 -0.016737
-0.029923 0.17137 -0.018758
0.012077 0.15247 -0.010286
-0.063962 0.17453 -0.023037
-0.036223 0.16858 -0.03908
0.067377 0.11083 -0.00031003
0.023564 0.062175 -0.027938
-0.013823 0.056575 0.0096447
0.074027 0.14702 -0.012887
0.066677 0.12237 -0.017979
-0.056173 0.16013 0.0053125
-0.054569 0.16997 0.0053125
-0.089423 0.061125 -0.027092
0.033427 0.15247 -0.031323
0.022577 0.061491 -0.026888
-0.035195 0.056537 -0.0018316
-0.078223 0.077225 0.012422
0.044977 0.084575 -0.0075215
0.010652 0.11257 -0.027588
0.068427 0.05691 0.0032125
0.039727 0.10837 0.017891
-0.025155 0.17958 -0.023659
0.040562 0.096451 0.014527
-0.019242 0.15411 -0.02451
-0.010061 0.073025 0.012313